-24.69835091 20.00247955 -0.64555031 118 255 0 -0.000224
-24.68278885 20.00691986 -1.52984512 106 255 0 -0.000606
-24.63585281 20.01135063 -2.41303062 94 255 0 -0.000986
-24.55760002 20.01576614 -3.29399371 82 255 0 -0.001364
-24.56022263 0.01601660 -3.39445233 169 255 0 0.001364
-23.93399620 20.03316116 -6.77349663 34 255 0 -0.002855
-23.70142937 20.03741646 -7.62680387 22 255 0 -0.003219
-23.43872261 20.04162407 -8.47131920 16 255 0 -0.003390
-23.44134521 0.04187554 -8.57177734 240 255 0 0.003578
-23.14883041 0.04602968 -9.40643787 252 255 0 0.003934
-22.82687759 0.05012517 -10.23019123 255 248 0 0.004294
-22.47327042 20.05390549 -10.94154072 13 255 0 -0.003532
-22.09369278 20.05786705 -11.74038029 10 255 0 -0.003562
-22.09631538 0.05811965 -11.84083843 255 224 0 0.005027
-21.68600273 20.06175804 -12.52524567 10 255 0 -0.003575
-20.30219078 0.07318355 -14.88665867 255 176 0 0.006489
-19.24504852 20.07992554 -16.20602608 10 255 0 -0.003584
-19.24767113 0.08017707 -16.30648422 255 155 0 0.007151
-18.68328667 0.08352350 -16.98743629 255 149 0 0.007392
-17.48119545 20.08964348 -18.18667603 0 235 19 -0.004506
-17.48381805 0.08989461 -18.28713417 255 134 0 0.007857
-15.51942539 0.09858774 -20.06907654 255 113 0 0.008505
-14.10932446 0.10376492 -21.13657761 255 98 0 0.008897
-12.62442875 20.10816383 -22.00090599 0 172 82 -0.006505
-11.85854626 20.11028671 -22.44323921 0 163 91 -0.006748
-11.86116791 0.11053813 -22.54369736 255 83 0 0.009415
-10.28473854 0.11435872 -23.34546280 255 74 0 0.009706
-9.47355652 20.11580086 -23.60342598 0 142 112 -0.007421
-8.65278339 20.11734962 -23.93292427 0 136 118 -0.007621
-7.82083368 20.11874771 -24.23308754 0 130 124 -0.007815
-7.82345533 0.11899917 -24.33354568 255 62 0 0.010059
-6.98137712 0.12024722 -24.60399055 255 59 0 0.010153
-6.97875500 20.11999512 -24.50353241 0 124 130 -0.007994
-6.12760830 20.12109184 -24.74392319 0 118 136 -0.008165
-6.13023043 0.12134311 -24.84438133 255 56 0 0.010235
-4.40241146 20.12281990 -25.13336372 0 109 145 -0.008468
-5.27108860 0.12228547 -25.05441284 255 53 0 0.010304
-2.65655684 0.12418039 -25.49990273 255 50 0 0.010437
-1.77633834 0.12449867 -25.58623886 255 50 0 0.010455
-0.89098793 20.12440872 -25.54082298 0 94 160 -0.008940
-0.00686218 20.12441063 -25.56450462 0 91 163 -0.009029
0.87754703 20.12425613 -25.55679321 0 88 166 -0.009109
0.87492508 0.12450778 -25.65725136 255 50 0 0.010426
1.75850344 0.12419556 -25.61815453 255 53 0 0.010390
2.64013743 0.12372622 -25.54772758 255 53 0 0.010340
4.39575577 20.12206650 -25.21280098 0 83 171 -0.009304
5.26490879 20.12112999 -25.04906082 0 83 171 -0.009326
6.98305082 20.11879921 -24.62959480 0 83 171 -0.009331
6.12508106 0.12029226 -24.95503616 255 65 0 0.010006
6.98042870 0.11905004 -24.73005295 255 68 0 0.009890
7.82987547 20.11740685 -24.37439728 0 83 171 -0.009319
7.82725334 0.11765718 -24.47485542 255 71 0 0.009760
8.66448593 0.11611541 -24.18976402 255 77 0 0.009619
9.49107456 0.11442668 -23.87513924 255 80 0 0.009464
10.30597496 0.11259314 -23.53137589 255 86 0 0.009297
11.11078358 20.11036491 -23.05845261 0 88 166 -0.009120
11.10816193 0.11061707 -23.15891075 255 92 0 0.009118
11.89924526 20.10824966 -22.65774727 0 94 160 -0.008929
12.67298889 20.10599709 -22.22931480 0 100 154 -0.008726
12.67036724 0.10624754 -22.32977295 255 104 0 0.008725
13.43103981 20.10360718 -21.77369118 0 109 145 -0.008514
13.42841816 0.10385957 -21.87415123 255 113 0 0.008511
14.89364052 0.09869228 -20.88366318 255 128 0 0.008050
16.95322800 20.08976173 -19.10896873 0 148 106 -0.007281
16.95060539 0.09001295 -19.20942879 255 152 0 0.007280
17.59521484 0.08688670 -18.60386467 255 161 0 0.007004
18.21792603 0.08365033 -17.97580338 255 170 0 0.006719
19.39454079 0.07686364 -16.65538597 255 188 0 0.006121
19.39716339 20.07661057 -16.55492783 0 184 70 -0.006124
19.94958878 20.07307053 -15.86423683 0 193 61 -0.005812
20.47714996 20.06943703 -15.15437508 0 205 49 -0.005492
20.97918701 20.06571198 -14.42623520 0 214 40 -0.005167
20.97656441 0.06596385 -14.52669430 255 218 0 0.005166
21.45244026 0.06215684 -13.78119755 255 230 0 0.004833
22.71991348 20.05002975 -11.34959126 4 255 0 -0.003797
23.72981071 20.03757858 -8.89720631 37 255 0 -0.002715
23.72718811 0.03783102 -8.99766541 210 255 0 0.002713
24.00772285 20.03332520 -8.05757141 49 255 0 -0.002346
24.00510025 0.03357711 -8.15802956 201 255 0 0.002344
24.25303841 0.02928024 -7.30906153 189 255 0 0.001971
24.47331047 20.02469444 -6.35137033 73 255 0 -0.001596
24.65777588 0.02057936 -5.58741093 166 255 0 0.001218
24.81406784 0.01618630 -4.71689796 151 255 0 0.000838
24.81669044 20.01593399 -4.61643934 100 255 0 -0.000840
25.09900856 20.00265121 -1.97932720 136 255 0 0.000307
25.09638596 0.00290311 -2.07978582 115 255 0 -0.000309
25.12791061 -0.00154069 -1.19591618 103 255 0 -0.000692
25.12804794 -0.00598319 -0.31148458 91 255 0 -0.001074
25.09941673 19.98933029 0.67285317 171 255 0 0.001455
25.03681183 19.98490524 1.55506659 183 255 0 0.001834
24.94031525 -0.01924703 2.33404374 55 255 0 -0.002214
24.81528473 -0.02362851 3.20959401 43 255 0 -0.002590
24.65926361 -0.02798087 4.08015442 31 255 0 -0.002963
24.47506142 19.96745110 5.04508829 231 255 0 0.003333
24.01000023 19.95893860 6.75143385 255 254 0 0.004058
23.73234367 19.95475769 7.59115505 255 242 0 0.004437
23.42506409 19.95063210 8.42049122 255 230 0 0.004829
22.72320175 19.94256973 10.04385090 255 203 0 0.005641
22.32950783 19.93864441 10.83582878 255 191 0 0.006054
22.32688522 -0.06110414 10.73536968 37 255 0 -0.002724
21.45906830 19.93102646 12.37538910 255 164 0 0.006896
21.45644569 -0.06872322 12.27493000 43 255 0 -0.002547
20.98079872 -0.07240622 13.02057362 46 255 0 -0.002452
20.47898674 -0.07599865 13.74886894 49 255 0 -0.002362
19.39943123 -0.08289375 15.14975452 52 255 0 -0.002325
18.82567215 19.91356087 15.92104149 255 110 0 0.008608
18.22322083 -0.08937380 16.47053528 34 255 0 -0.002820
17.60332680 19.90730095 17.19924545 255 95 0 0.009079
16.95627785 -0.09540615 17.70454979 22 255 0 -0.003271
14.90245152 19.89620018 19.47987938 255 68 0 0.009921
14.17878723 19.89373970 19.98835182 255 62 0 0.010104
13.43753242 19.89141464 20.47081947 255 56 0 0.010279
10.31559849 19.88349342 22.12900734 255 38 0 0.010858
9.50080490 19.88187218 22.47302246 255 32 0 0.010973
8.67431355 19.88039780 22.78790283 255 29 0 0.011073
9.49818325 -0.11787576 22.37256432 0 217 37 -0.005093
8.67169189 -0.11934905 22.68744469 0 214 40 -0.005233
7.83454609 -0.12067261 22.97279549 0 208 46 -0.005366
6.13514376 19.87688446 23.55395889 255 23 0 0.011303
5.26978731 -0.12372917 23.64824867 0 199 55 -0.005711
4.40330696 19.87530899 23.91271782 255 20 0 0.011389
3.52630806 -0.12499280 23.94532013 0 190 64 -0.005905
2.65038252 19.87435913 24.14772606 255 20 0 0.011421
1.76876998 19.87411880 24.21842575 255 20 0 0.011416
-0.00182493 -0.12563531 24.16532135 0 181 73 -0.006199
-0.88333589 19.87434769 24.24237251 255 23 0 0.011323
-1.76608109 19.87473869 24.18760109 255 23 0 0.011264
-2.64632654 19.87528610 24.10153580 255 26 0 0.011192
-1.76870322 -0.12501100 24.08714294 0 178 76 -0.006299
-3.52296257 19.87598991 23.98428535 255 29 0 0.011106
-4.39488411 19.87684822 23.83599663 255 32 0 0.011007
-4.39750624 -0.12290025 23.73553848 0 175 79 -0.006388
-5.26361656 -0.12188688 23.55639648 0 175 79 -0.006403
-6.12282324 -0.12072057 23.34662819 0 175 79 -0.006409
-7.81620550 -0.11793528 22.83631516 0 175 79 -0.006404
-8.64562511 19.88342857 22.63686943 255 53 0 0.010320
-9.46649933 19.88519096 22.30762291 255 59 0 0.010147
-8.64824677 -0.11631978 22.53641129 0 175 79 -0.006390
-9.46912098 -0.11455837 22.20716476 0 175 79 -0.006368
-11.85446739 -0.10842174 21.04771423 0 181 73 -0.006253
-12.61786366 19.89364815 20.70607567 255 86 0 0.009332
-13.36770821 19.89610100 20.23707008 255 92 0 0.009100
-14.10043526 19.89868736 19.74174690 255 101 0 0.008862
-13.37032986 -0.10364656 20.13661194 0 184 70 -0.006148
-14.10305691 -0.10106251 19.64128876 0 187 67 -0.006081
-14.81774235 -0.09835176 19.12027359 0 187 67 -0.006011
-15.51348591 -0.09551775 18.57422256 0 190 64 -0.005934
-16.18941116 -0.09256402 18.00382423 0 193 61 -0.005847
-17.47580528 19.91343498 16.89334488 255 143 0 0.007523
-16.84466743 -0.08949433 17.40979576 0 196 58 -0.005756
-18.08989143 -0.08302260 16.15387344 0 202 52 -0.005553
-19.24288750 -0.07613516 14.81278229 0 211 43 -0.005330
-20.78425598 19.93464661 12.75680637 255 203 0 0.005659
-20.29784584 -0.06886673 13.39328289 0 217 37 -0.005078
-21.24682808 19.93849564 12.00298023 255 215 0 0.005325
-21.68235207 19.94241905 11.23321342 255 224 0 0.004983
-22.09028244 19.94641304 10.44847393 255 236 0 0.004633
-21.68497467 -0.05733029 11.13275528 0 232 22 -0.004656
-22.47010422 19.95047379 9.64975262 255 248 0 0.004278
-22.82396317 -0.04515011 8.73759365 1 255 0 -0.003921
-23.14354515 19.95877647 8.01439857 237 255 0 0.003556
-23.43893814 -0.03674025 7.07937098 22 255 0 -0.003190
-23.70190430 -0.03246420 6.23493624 34 255 0 -0.002819
-23.93473434 -0.02814789 5.38170099 46 255 0 -0.002445
-24.13713646 -0.02379676 4.52073956 58 255 0 -0.002068
-24.44704819 19.98473549 2.88044691 166 255 0 0.001307
-24.44967079 -0.01501202 2.77998829 85 255 0 -0.001308
-24.55941010 -0.01058947 1.90239120 97 255 0 -0.000926
-24.63531113 19.99359322 1.12191057 142 255 0 0.000542
-26.70097351 0.00299261 -0.74570000 133 255 0 0.000266
-26.63532066 19.99350739 1.19156814 142 255 0 0.000529
-26.44708633 19.98429871 3.01979470 171 255 0 0.001485
-26.30626869 19.97971725 3.92802262 189 255 0 0.002005
-26.30889130 -0.02003023 3.82756448 192 255 0 0.002153
-26.13714981 -0.02458795 4.73045492 210 255 0 0.002706
-25.93205833 19.97063065 5.72741461 219 255 0 0.002917
-25.93468094 -0.02911761 5.62695646 225 255 0 0.003165
-25.69910049 19.96613503 6.61648083 231 255 0 0.003302
-25.43854523 -0.03807163 7.39661694 19 255 0 -0.003283
-24.82279968 -0.04685054 9.12829399 213 255 0 0.002761
-24.46832657 19.94858742 10.07781696 255 242 0 0.004420
-22.78031158 -0.06776567 13.23886776 198 255 0 0.002256
-22.77768898 19.93198204 13.33932686 255 197 0 0.005866
-22.28668785 19.92801666 14.11626148 255 185 0 0.006216
-20.66130829 -0.08311706 16.23979187 255 230 0 0.004798
-20.06646156 19.91302299 17.04309464 255 143 0 0.007529
-18.81178284 19.90611267 18.38609695 255 125 0 0.008139
-18.15078926 19.90281868 19.02469254 255 113 0 0.008430
-17.47099876 -0.10011164 19.53989029 231 255 0 0.003308
-16.76796341 -0.10317741 20.13188934 213 255 0 0.002729
-15.30333614 -0.10894642 21.24218178 0 77 177 -0.009496
-12.97032928 19.88310432 22.81434059 255 59 0 0.010184
-12.97295094 -0.11664425 22.71388245 255 200 0 0.005779
-11.33834171 19.87864494 23.65963745 255 44 0 0.010586
-10.50165749 19.87662506 24.04000854 255 38 0 0.010770
-9.65247345 19.87474823 24.39159393 255 35 0 0.010942
-8.79440308 -0.12673394 24.61352348 255 227 0 0.004936
-7.03989697 19.86999321 25.26970100 255 20 0 0.011377
-7.92320585 -0.12831897 24.90633965 0 20 234 -0.011245
-7.04251909 -0.12975498 25.16924286 255 236 0 0.004640
-4.35121822 19.86659431 25.87603378 255 11 0 0.011698
-3.44293594 19.86577034 26.01656914 255 8 0 0.011780
-2.53038430 19.86510086 26.12601471 255 5 0 0.011848
-0.69673550 19.86423302 26.25115395 255 2 0 0.011944
0.22222400 19.86403275 26.26670265 255 2 0 0.011970
0.21960205 -0.13571495 26.16624451 0 0 255 -0.011971
1.13855672 -0.13575590 26.15041161 0 0 255 -0.011985
3.88730669 19.86481667 26.01543808 255 2 0 0.011944
2.97216702 -0.13536488 26.02470589 249 255 0 0.003880
4.79554653 19.86540413 25.87462234 255 2 0 0.011903
4.79292440 -0.13434510 25.77416420 255 221 0 0.005069
6.59233999 -0.13270137 25.39995766 255 197 0 0.005882
6.59496212 19.86704826 25.50041580 255 8 0 0.011782
9.23312950 -0.12908335 24.61074257 0 14 240 -0.011499
10.94279766 -0.12591948 23.93623924 255 239 0 0.004530
11.78198719 19.87563133 23.65606880 255 29 0 0.011098
12.60245037 -0.12217090 23.14664078 225 255 0 0.003141
13.41371346 19.87966728 22.81026840 255 38 0 0.010770
13.41109180 -0.12008272 22.70980835 228 255 0 0.003199
14.20697117 19.88189316 22.34608078 255 44 0 0.010585
14.98391628 19.88425636 21.85508537 255 53 0 0.010390
15.74364662 19.88675499 21.33784866 255 59 0 0.010183
15.74102497 -0.11299223 21.23739052 0 56 198 -0.010185
16.48265266 -0.11036263 20.69451904 0 62 192 -0.009967
16.48527527 19.88938713 20.79497719 255 65 0 0.009967
17.20531464 -0.10760494 20.12664413 255 194 0 0.005954
17.91078949 19.89502525 19.63488770 255 80 0 0.009495
17.90816689 -0.10472239 19.53442764 255 200 0 0.005713
19.25381088 19.90115356 18.38022232 255 98 0 0.008985
19.89241409 19.90438843 17.71923447 255 104 0 0.008711
19.88979149 -0.09535989 17.61877632 255 242 0 0.004419
20.50545502 -0.09201290 16.93637276 246 255 0 0.003805
21.09746170 -0.08855922 16.23334503 225 255 0 0.003090
21.66512108 -0.08500290 15.51051903 198 255 0 0.002280
22.20777130 -0.08134806 14.76873493 0 139 115 -0.007531
22.72740364 19.92214966 14.10931301 255 152 0 0.007218
23.21554184 -0.07376002 13.23176861 255 212 0 0.005396
23.68211174 19.92991257 12.53883648 255 173 0 0.006597
24.11870003 19.93391800 11.73007011 255 182 0 0.006276
24.52742195 19.93799973 10.90686989 255 194 0 0.005937
24.90779877 19.94215202 10.07019520 255 206 0 0.005581
24.52479935 -0.06174913 10.80641174 255 224 0 0.005046
25.25938988 19.94637108 9.22102165 255 218 0 0.005205
25.25676727 -0.05337710 9.12056351 255 245 0 0.004362
26.13488579 -0.04036946 6.50802088 228 255 0 0.003230
26.37019539 19.96381378 5.71934128 249 255 0 0.003859
26.56976318 -0.03145692 4.72231913 249 255 0 0.003927
26.99383545 19.98191833 2.09902239 240 255 0 0.003649
27.11635399 -0.00863692 0.16493821 255 254 0 0.004061
27.13190460 -0.00402310 -0.75400972 97 255 0 -0.000928
27.11607170 0.00059481 -1.67295277 109 255 0 -0.000530
26.74244499 20.01874924 -5.22681570 228 255 0 0.003226
26.88064003 0.01441926 -4.41904593 183 255 0 0.001807
26.57070351 20.02330589 -6.12970638 249 255 0 0.003878
26.73982239 0.01899974 -5.32727432 201 255 0 0.002357
26.36823463 20.02783585 -7.02620792 255 242 0 0.004423
25.86947632 0.03704114 -8.89632702 210 255 0 0.002622
25.25635338 20.04556847 -10.52754593 255 245 0 0.004321
25.25373077 0.04582005 -10.62800407 246 255 0 0.003761
24.90450287 20.04987907 -11.37661076 252 255 0 0.003970
24.90188026 0.05013102 -11.47706890 249 255 0 0.003897
24.52124405 0.05438294 -12.31362534 255 251 0 0.004141
24.52386665 20.05413055 -12.21316719 237 255 0 0.003515
24.11489296 20.05831909 -13.03624153 219 255 0 0.002966
24.11227036 0.05857084 -13.13669968 255 239 0 0.004495
23.67543411 0.06268985 -13.94533157 255 230 0 0.004854
23.21124268 0.06673518 -14.73857784 255 218 0 0.005208
22.72286415 20.07044983 -15.41505527 255 224 0 0.005039
22.20562172 20.07433319 -16.17477417 0 193 61 -0.005897
21.09486198 20.08183479 -17.63904381 255 158 0 0.007069
21.66012001 0.07838225 -17.01685143 255 185 0 0.006227
21.09223938 0.08208657 -17.73950195 255 164 0 0.006844
19.24795914 20.09235382 -19.68489075 255 173 0 0.006611
19.24533653 0.09260496 -19.78534889 255 143 0 0.007528
18.58696556 20.09564781 -20.32348633 255 182 0 0.006276
17.90455246 20.09882927 -20.93914032 255 197 0 0.005838
17.20151711 20.10189438 -21.53114128 255 215 0 0.005301
15.73688698 20.10766411 -22.64143372 0 97 157 -0.008837
15.73426533 0.10791593 -22.74189186 255 101 0 0.008835
14.97699833 20.11036110 -23.15843773 255 122 0 0.008179
14.19990063 20.11292648 -23.64919281 255 116 0 0.008419
13.40650177 20.11536217 -24.11313248 255 110 0 0.008563
14.19727898 0.11317938 -23.74965096 255 83 0 0.009389
12.59510326 0.11791273 -24.65017319 255 71 0 0.009797
11.77451420 20.11982155 -24.95842934 255 110 0 0.008559
11.77189255 0.12007362 -25.05888939 255 65 0 0.009971
10.93782997 20.12184143 -25.33880234 255 116 0 0.008414
10.93520832 0.12209392 -25.43926048 255 59 0 0.010131
10.08602428 0.12397125 -25.79084587 255 56 0 0.010284
10.08864594 20.12371826 -25.69038773 255 122 0 0.008171
9.22795391 20.12545204 -26.01277542 255 134 0 0.007829
8.35675716 20.12703705 -26.30559158 0 41 213 -0.010584
8.35413551 0.12728846 -26.40604973 255 44 0 0.010584
7.47344923 0.12872447 -26.66895294 255 41 0 0.010717
6.58430052 0.13000980 -26.90163612 255 38 0 0.010838
6.58692265 20.12975883 -26.80117798 255 125 0 0.008090
5.68772554 0.13114293 -27.10382271 255 35 0 0.010946
4.78477049 0.13212256 -27.27528572 255 32 0 0.011046
3.87648749 0.13294753 -27.41582108 255 29 0 0.011135
2.96655774 20.13336563 -27.42480850 255 89 0 0.009222
2.96393585 0.13361691 -27.52526665 255 26 0 0.011207
2.05080223 20.13387680 -27.50303268 255 89 0 0.009259
1.13290918 20.13423347 -27.54994583 255 89 0 0.009198
1.13028717 0.13448587 -27.65040398 255 23 0 0.011297
0.21394968 20.13443375 -27.56549644 0 20 234 -0.011310
0.21132773 0.13468444 -27.66595459 255 23 0 0.011310
-0.70500505 20.13447380 -27.54966164 0 20 234 -0.011324
-0.70762700 0.13472539 -27.65012169 255 23 0 0.011324
-1.62550545 0.13460866 -27.60292244 255 23 0 0.011324
-2.54123735 0.13433437 -27.52441597 255 23 0 0.011310
-4.36199427 0.13331459 -27.27387428 255 23 0 0.011242
-6.15878773 20.13141823 -26.79920959 255 110 0 0.008530
-7.04786491 20.13036537 -26.56625175 255 104 0 0.008749
-7.93109274 0.12941080 -26.40353584 255 35 0 0.010945
-8.80220032 0.12805285 -26.11045265 255 38 0 0.010838
-9.66017151 20.12629318 -25.68733978 255 143 0 0.007561
-10.51186848 0.12488898 -25.43594933 255 44 0 0.010584
-10.50924683 20.12463760 -25.33549118 255 161 0 0.006955
-11.34581470 20.12283516 -24.95486069 255 185 0 0.006250
-12.16889954 20.12088776 -24.54589272 255 209 0 0.005455
-12.98016262 0.11905223 -24.20951843 255 62 0 0.010109
-12.97754097 20.11879921 -24.10906029 255 212 0 0.005391
-13.77079868 20.11657333 -23.64487457 255 191 0 0.005997
-14.54774380 20.11421013 -23.15387917 255 176 0 0.006503
-14.55036545 0.11446022 -23.25433731 255 74 0 0.009730
-15.30747414 20.11171150 -22.63664246 0 77 177 -0.009524
-16.04909897 20.10907936 -22.09377098 0 83 171 -0.009308
-16.05172157 0.10933214 -22.19422913 255 86 0 0.009305
-16.77176094 20.10632324 -21.52589607 255 134 0 0.007820
-17.47461319 20.10344124 -20.93367958 255 143 0 0.007505
-18.15945816 0.10068785 -20.41827202 255 110 0 0.008595
-18.15683556 20.10043526 -20.31781387 255 158 0 0.007094
-18.81763458 20.09731293 -19.67901611 255 173 0 0.006590
-18.82025719 0.09756581 -19.77947426 255 119 0 0.008323
-20.07190132 20.09073067 -18.33562469 255 215 0 0.005282
-20.07452393 0.09098241 -18.43608284 255 137 0 0.007770
-21.23418999 0.08397241 -17.01022911 255 155 0 0.007179
-21.77684021 0.08031757 -16.26844406 255 164 0 0.006870
-22.29122734 20.07631683 -15.40810680 255 179 0 0.006400
-22.78461075 0.07272953 -14.73147869 255 179 0 0.006412
-23.24593544 20.06855392 -13.83762932 255 185 0 0.006272
-23.24855804 0.06880517 -13.93808746 255 188 0 0.006121
-23.68252373 20.06454849 -13.02886391 255 191 0 0.006069
-23.68514633 0.06479998 -13.12932205 255 200 0 0.005804
-24.09386826 0.06071864 -12.30612183 255 209 0 0.005457
-25.14560509 20.04781342 -9.65913486 255 248 0 0.004306
-25.43842506 20.04347610 -8.78794765 4 255 0 -0.003761
-25.70395470 0.03933897 -8.00773048 237 255 0 0.003465
-25.93664169 0.03490335 -7.11859274 231 255 0 0.003281
-26.13620949 20.03017616 -6.12157059 249 255 0 0.003924
-26.45083427 0.02136962 -4.41081381 222 255 0 0.003088
-26.68280029 20.00735474 -1.56418943 240 255 0 0.003580
-26.69835091 20.00274086 -0.64524162 118 255 0 -0.000268
-26.63588524 20.01195908 -2.48207092 246 255 0 0.003837
-26.55765915 20.01654816 -3.39781523 252 255 0 0.004001
-26.44821167 20.02111816 -4.31035566 255 254 0 0.004065
-26.30767632 20.02566147 -5.21862698 255 254 0 0.004042
-24.44813156 20.02015877 -4.17162466 70 255 0 -0.001743
-24.30758476 20.02452660 -5.04481792 58 255 0 -0.002116
-25.93401909 20.03465271 -7.01813459 243 255 0 0.003720
-24.13613129 20.02886200 -5.91247272 46 255 0 -0.002489
-25.70133209 20.03908730 -7.90727234 234 255 0 0.003413
-23.14620781 20.04577827 -9.30597878 16 255 0 -0.003447
-24.82321358 20.05209541 -10.51981544 255 227 0 0.004889
-22.82425499 20.04987335 -10.12973213 13 255 0 -0.003494
-24.47162247 20.05631447 -11.36898899 255 212 0 0.005378
-24.09124565 20.06046677 -12.20566273 255 200 0 0.005771
-21.25071526 20.06556702 -13.29514599 10 255 0 -0.003597
-22.78198814 20.07247734 -14.63101959 255 179 0 0.006382
-20.78837585 20.06929398 -14.04911518 10 255 0 -0.003603
-20.29956818 20.07293320 -14.78620052 10 255 0 -0.003609
-19.78491020 20.07647896 -15.50547218 10 255 0 -0.003595
-21.77421761 20.08006668 -16.16798592 0 160 94 -0.006871
-21.23156738 20.08371925 -16.90977097 240 255 0 0.003596
-20.66390800 20.08727837 -17.63259697 255 242 0 0.004484
-18.68066406 20.08327103 -16.88697815 1 255 0 -0.003848
-18.09246445 20.08651352 -17.54747200 0 247 7 -0.004181
-19.45623779 20.09407806 -19.01802826 255 194 0 0.005985
-16.84762573 20.09266090 -18.80377960 0 226 28 -0.004821
-16.19255257 20.09555817 -19.39801025 0 217 37 -0.005123
-15.51680374 20.09833717 -19.96861839 0 208 46 -0.005424
-14.82122803 20.10098839 -20.51488304 0 199 55 -0.005706
-14.10670280 20.10351372 -21.03611946 0 190 64 -0.005986
-13.37412834 20.10590553 -21.53166771 0 181 73 -0.006247
-11.07744789 20.11226845 -22.85811234 0 157 97 -0.006981
-10.28211689 20.11410713 -23.24500275 0 151 103 -0.007208
-8.79957867 20.12780190 -26.00999260 0 35 219 -0.010838
-7.92847109 20.12915802 -26.30307770 0 32 222 -0.010947
-5.26846647 20.12203407 -24.95395470 0 115 139 -0.008320
-5.26227474 20.13231850 -27.00167465 255 122 0 0.008206
-4.35937214 20.13306236 -27.17341614 255 134 0 0.007791
-3.45113325 20.13364983 -27.31422997 255 152 0 0.007274
-3.53053522 20.12345314 -25.28192329 0 106 148 -0.008605
-2.65393496 20.12392807 -25.39944458 0 100 154 -0.008727
-2.53861547 20.13408279 -27.42395782 255 170 0 0.006666
-1.77371621 20.12424660 -25.48578072 0 97 157 -0.008839
-1.62288332 20.13435745 -27.50246429 255 194 0 0.005955
1.76112533 20.12394333 -25.51769638 0 88 166 -0.009174
2.64275932 20.12347412 -25.44726753 0 85 169 -0.009230
3.52133822 20.12284851 -25.34559250 0 83 171 -0.009274
3.87910938 20.13269615 -27.31536102 255 95 0 0.009081
4.78739262 20.13187218 -27.17482758 255 101 0 0.008849
5.69034767 20.13089180 -27.00336456 255 113 0 0.008517
6.12770319 20.12004089 -24.85457611 0 83 171 -0.009333
7.47607136 20.12847328 -26.56849480 255 143 0 0.007563
8.66710758 20.11586380 -24.08930588 0 83 171 -0.009295
9.49369621 20.11417580 -23.77468109 0 85 169 -0.009259
10.30859661 20.11234093 -23.43091774 0 85 169 -0.009213
12.59772491 20.11766052 -24.54971504 255 110 0 0.008609
14.17244148 20.10108757 -21.29145241 0 115 139 -0.008289
14.89626217 20.09844017 -20.78320503 0 124 130 -0.008052
16.47868347 20.10484123 -22.09879112 228 255 0 0.003226
15.60158825 20.09566879 -20.24958801 0 130 124 -0.007804
16.28753281 20.09277344 -19.69127655 0 139 115 -0.007548
17.59783745 20.08663368 -18.50340652 0 157 97 -0.007007
18.22054863 20.08339882 -17.87534523 0 166 88 -0.006720
19.88676453 20.08895111 -19.02410126 255 164 0 0.006861
18.82057571 20.08005714 -17.22558022 0 175 79 -0.006424
20.50263786 20.08544350 -18.34188843 255 161 0 0.007019
21.66274261 20.07813072 -16.91639328 0 181 73 -0.006229
21.45506287 20.06190491 -13.68073845 0 226 28 -0.004834
23.21386528 20.06648445 -14.63811970 255 248 0 0.004270
21.90418243 20.05801964 -12.91882229 0 235 19 -0.004495
22.32597542 20.05405807 -12.14144707 0 247 7 -0.004150
23.67805672 20.06243896 -13.84487247 234 255 0 0.003393
23.08550072 20.04593658 -10.54425335 16 255 0 -0.003441
23.42227554 20.04178429 -9.72644901 28 255 0 -0.003080
25.57901192 20.04120255 -9.66696453 28 255 0 -0.003008
25.87209892 20.03678894 -8.79586792 40 255 0 -0.002624
26.13527679 20.03233147 -7.91527414 255 227 0 0.004877
24.25566101 20.02902985 -7.20860291 61 255 0 -0.001971
24.66039848 20.02032852 -5.48695230 85 255 0 -0.001218
26.88326263 20.01416779 -4.31858778 204 255 0 0.002522
24.94198799 20.01152229 -3.74092770 112 255 0 -0.000456
26.99298859 20.00957108 -3.40608120 180 255 0 0.001687
25.03613281 20.00709152 -2.86152124 124 255 0 -0.000073
27.07149696 20.00495911 -2.49036121 151 255 0 0.000788
27.11869431 20.00034332 -1.57249427 142 255 0 0.000529
25.13053322 19.99820900 -1.09545779 148 255 0 0.000691
25.13067055 19.99376488 -0.21102613 160 255 0 0.001073
27.13452721 19.99572563 -0.65355128 154 255 0 0.000927
27.11897659 19.99111176 0.26539665 240 255 0 0.003559
27.07206154 19.98650742 1.18327785 240 255 0 0.003620
24.94293785 19.98050117 2.43450212 195 255 0 0.002214
26.88438797 19.97734833 3.01156259 243 255 0 0.003660
24.81790733 19.97612000 3.31005216 207 255 0 0.002588
24.66188622 19.97176743 4.18061304 219 255 0 0.002961
26.74385262 19.97280502 3.91983390 243 255 0 0.003684
26.57238579 19.96829033 4.82277775 243 255 0 0.003739
26.13750839 19.95937920 6.60847902 255 254 0 0.004083
24.25767517 19.96317291 5.90238857 243 255 0 0.003699
25.87460136 19.95499039 7.48915482 255 242 0 0.004421
25.58178139 19.95065308 8.36034107 255 230 0 0.004816
23.08854103 19.94656754 9.23840046 255 218 0 0.005231
21.90795135 19.93479347 11.61333370 255 176 0 0.006477
23.21816444 19.92598915 13.33222675 255 164 0 0.006910
20.98342133 19.92734146 13.12103271 255 149 0 0.007310
22.21039391 19.91839981 14.86919308 255 143 0 0.007530
20.48160934 19.92374992 13.84932709 255 137 0 0.007722
21.66774368 19.91474724 15.61097717 255 134 0 0.007840
19.95426559 19.92025375 14.55935097 255 125 0 0.008108
21.10008430 19.91118813 16.33380318 255 125 0 0.008138
20.50807762 19.90773582 17.03683090 255 113 0 0.008430
19.40205383 19.91685486 15.25021362 255 116 0 0.008364
18.22584343 19.91037560 16.57099342 255 101 0 0.008848
18.59301186 19.89803123 19.01902008 255 89 0 0.009246
16.95890045 19.90434074 17.80500984 255 86 0 0.009303
16.29338455 19.90150452 18.38751984 255 80 0 0.009523
17.20793724 19.89214325 20.22710228 255 74 0 0.009737
15.60761356 19.89878845 18.94604492 255 74 0 0.009725
12.67962265 19.88922310 20.92667580 255 50 0 0.010442
11.90601063 19.88717270 21.35534859 255 44 0 0.010592
11.11767101 19.88525963 21.75629425 255 41 0 0.010729
12.60507202 19.87757874 23.24709892 255 35 0 0.010940
10.94541931 19.87382889 24.03669739 255 23 0 0.011245
10.09634399 19.87217331 24.38854599 255 20 0 0.011379
9.23575115 19.87066460 24.71120071 255 17 0 0.011499
7.83716822 19.87907600 23.07325363 255 26 0 0.011164
8.36464405 19.86930847 25.00428391 255 14 0 0.011607
6.99042273 19.87790489 23.32871056 255 23 0 0.011243
7.48403931 19.86810112 25.26745796 255 11 0 0.011700
5.27240944 19.87602043 23.74870682 255 20 0 0.011355
5.69844913 19.86614799 25.70288086 255 5 0 0.011848
3.52892995 19.87475586 24.04578018 255 20 0 0.011411
2.97478890 19.86438370 26.12516403 255 2 0 0.011971
2.05905724 19.86410904 26.20367050 255 2 0 0.011982
1.14117873 19.86399269 26.25086975 255 2 0 0.011984
0.88520384 19.87403870 24.25779343 255 20 0 0.011399
0.00079702 19.87411308 24.26577950 255 20 0 0.011366
-1.61462831 19.86458969 26.20423889 255 2 0 0.011904
-5.25417328 19.86757469 25.70457077 255 14 0 0.011605
-6.15074825 19.86870766 25.50238419 255 17 0 0.011497
-5.26099443 19.87786293 23.65685463 255 35 0 0.010896
-6.12020111 19.87902641 23.44708633 255 38 0 0.010769
-6.97142124 19.88034439 23.20695877 255 44 0 0.010632
-7.92058420 19.87142944 25.00679779 255 23 0 0.011244
-7.81358385 19.88181305 22.93677330 255 50 0 0.010482
-8.79178143 19.87301445 24.71398354 255 29 0 0.011099
-10.27517033 19.88709450 21.94945145 255 65 0 0.009958
-12.16155243 19.88080597 23.25092125 255 53 0 0.010390
-11.07061958 19.88914299 21.56280518 255 71 0 0.009762
-11.85184574 19.89132690 21.14817238 255 77 0 0.009552
-13.76372814 19.88554001 22.35039902 255 65 0 0.009967
-14.54082584 19.88810539 21.85964394 255 74 0 0.009736
-15.30071449 19.89080238 21.34263992 255 80 0 0.009496
-14.81512070 19.90139580 19.22073174 255 110 0 0.008609
-16.04250717 19.89362526 20.79999733 255 89 0 0.009246
-15.51086426 19.90423012 18.67468071 255 116 0 0.008350
-16.76534081 19.89657211 20.23234749 255 98 0 0.008984
-17.46837616 19.89963722 19.64034843 255 104 0 0.008710
-16.18678856 19.90718460 18.10428238 255 125 0 0.008083
-16.84204483 19.91025352 17.51025391 255 134 0 0.007807
-19.45058823 19.90951538 17.72530746 255 134 0 0.007838
-18.08726883 19.91672516 16.25433159 255 152 0 0.007231
-18.67567062 19.92012024 15.59401703 255 161 0 0.006934
-20.65868568 19.91663170 16.34025002 255 152 0 0.007213
-21.22656631 19.92033577 15.61759949 255 164 0 0.006888
-19.24026489 19.92361450 14.91324043 255 173 0 0.006628
-21.76944542 19.92413330 14.87598228 255 173 0 0.006557
-19.78034401 19.92720222 14.21285439 255 182 0 0.006312
-20.29522324 19.93088150 13.49374104 255 194 0 0.005990
-23.24188042 19.93602753 12.54607964 255 209 0 0.005513
-23.67871666 19.94014740 11.73744774 255 218 0 0.005157
-24.08769035 19.94433594 10.91437435 255 230 0 0.004790
-22.82134056 19.95459747 8.83805275 249 255 0 0.003920
-24.82017708 19.95289803 9.22875214 255 254 0 0.004045
-25.14283562 19.95726395 8.36817074 243 255 0 0.003668
-23.43631554 19.96300697 7.17982912 228 255 0 0.003188
-23.69928169 19.96728325 6.33539438 216 255 0 0.002817
-25.43592262 19.96167755 7.49707508 231 255 0 0.003284
-23.93211174 19.97159958 5.48215961 204 255 0 0.002443
-24.13451385 19.97595215 4.62119770 192 255 0 0.002068
-26.13452721 19.97516060 4.83091354 204 255 0 0.002487
-24.30623055 19.98033333 3.75359654 180 255 0 0.001690
-24.55678749 19.98915863 2.00284982 154 255 0 0.000926
-26.55681229 19.98889542 2.10728836 157 255 0 0.000950
-24.68251801 19.99803543 0.23873961 130 255 0 0.000159
-26.68251801 19.99812317 0.27370149 130 255 0 0.000129
-26.68514061 -0.00162531 0.17324305 121 255 0 -0.000131
-24.70097351 0.00273196 -0.74600875 133 255 0 0.000222
-26.63794327 -0.00624193 1.09110975 124 255 0 -0.000048
-24.68514061 -0.00171189 0.13828117 121 255 0 -0.000161
-24.63793373 -0.00615424 1.02145219 109 255 0 -0.000544
-26.55943489 -0.01085187 2.00682998 151 255 0 0.000778
-26.44970894 -0.01544976 2.91933632 174 255 0 0.001515
-24.30885315 -0.01941629 3.65313792 70 255 0 -0.001689
-25.70172310 -0.03361391 6.51602221 237 255 0 0.003531
-25.14545822 -0.04248555 8.26771259 7 255 0 -0.003666
-23.14616776 -0.04097067 7.91393948 13 255 0 -0.003558
-24.47094917 -0.05116151 9.97735882 198 255 0 0.002325
-24.09031296 -0.05541342 10.81391525 183 255 0 0.001785
-22.47272682 -0.04927331 9.54929447 0 244 10 -0.004280
-23.68133926 -0.05960133 11.63698959 163 255 0 0.001167
-22.09290504 -0.05333507 10.34801579 0 235 19 -0.004508
-23.24450302 -0.06372034 12.44562149 171 255 0 0.001461
-21.24945068 -0.06125391 11.90252209 0 226 28 -0.004803
-22.28931046 -0.07173257 14.01580334 219 255 0 0.002955
-20.78687859 -0.06510101 12.65634823 0 223 31 -0.004944
-19.78296661 -0.07254633 14.11239529 0 214 40 -0.005207
-21.77206802 -0.07561645 14.77552319 0 169 85 -0.006556
-21.22918892 -0.07941274 15.51714134 0 160 94 -0.006889
-18.67829323 -0.07962872 15.49355888 0 205 49 -0.005444
-20.06908417 -0.08672507 16.94263649 255 233 0 0.004688
-17.47842789 -0.08631252 16.79288673 0 199 55 -0.005657
-19.45321083 -0.09023257 17.62484932 255 242 0 0.004486
-18.81440544 -0.09363545 18.28563881 255 251 0 0.004187
-18.15341187 -0.09692975 18.92423439 246 255 0 0.003798
-16.04512978 -0.10612348 20.69953918 189 255 0 0.002058
-14.54344749 -0.11164293 21.75918579 255 209 0 0.005457
-13.76634979 -0.11420987 22.24994087 255 203 0 0.005662
-12.62048531 -0.10610068 20.60561752 0 181 73 -0.006204
-12.16417408 -0.11894322 23.15046310 255 200 0 0.005796
-11.07324123 -0.11060686 21.46234703 0 178 76 -0.006299
-11.34096336 -0.12110411 23.55917931 255 200 0 0.005722
-10.27779198 -0.11265326 21.84899139 0 178 76 -0.006337
-10.50427914 -0.12312441 23.93955040 255 206 0 0.005554
-9.65509510 -0.12500174 24.29113579 255 215 0 0.005293
-6.97404337 -0.11940283 23.10650063 0 175 79 -0.006411
-6.15337038 -0.13104030 25.40192604 255 218 0 0.005166
-5.25679541 -0.13217343 25.60411263 255 206 0 0.005588
-4.35384035 -0.13315307 25.77557564 255 194 0 0.005920
-3.52558446 -0.12375941 23.88382721 0 178 76 -0.006367
-3.44555783 -0.13397804 25.91611099 255 188 0 0.006159
-2.64894843 -0.12446329 24.00107765 0 178 76 -0.006336
-2.53300619 -0.13464741 26.02555656 255 182 0 0.006305
-1.61725044 -0.13516039 26.10378075 255 182 0 0.006355
-0.88595790 -0.12540182 24.14191246 0 181 73 -0.006252
-0.69935745 -0.13551638 26.15069389 255 182 0 0.006308
0.88258189 -0.12571116 24.15733528 0 184 70 -0.006136
2.05643511 -0.13563916 26.10321236 225 255 0 0.003143
1.76614809 -0.12562925 24.11796761 0 187 67 -0.006067
2.64776063 -0.12538968 24.04726601 0 190 64 -0.005991
4.40068483 -0.12443905 23.81225967 0 193 61 -0.005813
3.88468480 -0.13493335 25.91497803 255 239 0 0.004520
5.69582701 -0.13360082 25.60242271 255 209 0 0.005523
7.48141718 -0.13164778 25.16699982 255 188 0 0.006144
6.13252163 -0.12286405 23.45349884 0 202 52 -0.005603
6.98780060 -0.12184477 23.22825241 0 205 49 -0.005487
8.36202240 -0.13044131 24.90382576 0 11 243 -0.011606
10.09372234 -0.12757549 24.28808784 255 221 0 0.005085
10.31297684 -0.11625461 22.02854919 0 223 31 -0.004942
11.77936554 -0.12411725 23.55560875 249 255 0 0.003883
11.11504936 -0.11448762 21.65583611 0 226 28 -0.004792
11.90338898 -0.11257702 21.25488853 0 232 22 -0.004627
12.67700100 -0.11052523 20.82621765 0 238 16 -0.004453
14.20434952 -0.11785511 22.24562263 249 255 0 0.003868
13.43491077 -0.10833483 20.37035942 0 244 10 -0.004275
14.98129463 -0.11549071 21.75462723 255 242 0 0.004444
14.17616558 -0.10600858 19.88789177 0 250 4 -0.004092
14.89982986 -0.10354940 19.37942123 1 255 0 -0.003900
15.60499191 -0.10096040 18.84558678 7 255 0 -0.003697
16.29076195 -0.09824485 18.28706169 13 255 0 -0.003484
18.59038925 -0.10171834 18.91856194 255 212 0 0.005376
17.60070419 -0.09244789 17.09878731 28 255 0 -0.003052
19.25118828 -0.09859630 18.27976418 255 227 0 0.004940
18.82304955 -0.08618775 15.82058334 43 255 0 -0.002581
19.95164299 -0.07949596 14.45889282 55 255 0 -0.002246
22.72478104 -0.07759897 14.00885487 255 215 0 0.005319
23.67948914 -0.06983566 12.43837738 255 212 0 0.005376
21.90532875 -0.06495428 11.51287556 40 255 0 -0.002626
24.11607742 -0.06583047 11.62961197 255 215 0 0.005256
24.90517616 -0.05759639 9.96973705 255 233 0 0.004756
22.72057915 -0.05717767 9.94339275 37 255 0 -0.002793
23.08591843 -0.05317980 9.13794136 34 255 0 -0.002862
23.42244148 -0.04911557 8.32003307 31 255 0 -0.002922
25.57915878 -0.04909618 8.25988293 249 255 0 0.003870
25.87197876 -0.04475861 7.38869572 0 238 16 -0.004421
23.72972107 -0.04499011 7.49069595 31 255 0 -0.002974
24.00737762 -0.04080860 6.65097570 28 255 0 -0.003025
24.25505257 -0.03657633 5.80192995 28 255 0 -0.003075
26.36757278 -0.03593384 5.61888266 240 255 0 0.003617
24.47243881 -0.03229862 4.94463015 25 255 0 -0.003106
26.74123001 -0.02694392 3.81937528 255 251 0 0.004139
26.88176537 -0.02240011 2.91110420 255 248 0 0.004256
26.99121284 -0.01783079 1.99856400 255 248 0 0.004287
25.03418922 -0.01484194 1.45460820 67 255 0 -0.001836
27.06943893 -0.01324127 1.08281946 255 248 0 0.004221
25.09679413 -0.01041881 0.57239467 79 255 0 -0.001456
27.06887436 0.00521143 -2.59081960 142 255 0 0.000493
26.99036598 0.00982137 -3.50653958 163 255 0 0.001155
25.03351021 0.00734260 -2.96197963 127 255 0 0.000074
24.93936539 0.01177219 -3.84138608 139 255 0 0.000456
26.56808090 0.02355746 -6.23016500 216 255 0 0.002876
24.47068787 0.02494584 -6.45182848 177 255 0 0.001596
26.36561203 0.02808712 -7.12666655 231 255 0 0.003313
26.13265419 0.03258342 -8.01573181 243 255 0 0.003686
25.57638931 0.04145506 -9.76742268 222 255 0 0.003005
23.41965294 0.04203660 -9.82690716 222 255 0 0.003079
23.08287811 0.04618857 -10.64471245 234 255 0 0.003440
22.71729088 0.05028170 -11.45004940 246 255 0 0.003796
22.32335281 0.05431082 -12.24190617 255 251 0 0.004148
21.90155983 0.05827087 -13.01928043 255 242 0 0.004493
22.72024155 0.07070208 -15.51551342 255 206 0 0.005585
22.20299911 0.07458596 -16.27523232 255 197 0 0.005895
20.47452736 0.06968710 -15.25483322 255 209 0 0.005492
19.94696617 0.07332189 -15.96469498 255 197 0 0.005810
20.50001526 0.08569458 -18.44234657 255 158 0 0.007077
18.81795311 0.08030790 -17.32603836 255 179 0 0.006424
19.88414192 0.08920208 -19.12455940 255 152 0 0.007300
18.58434296 0.09589926 -20.42394447 255 134 0 0.007776
17.90192986 0.09908115 -21.03960037 255 128 0 0.008051
16.28491020 0.09302513 -19.79173470 255 143 0 0.007547
17.19889450 0.10214692 -21.63159943 255 119 0 0.008322
15.59896660 0.09591946 -20.35004616 255 134 0 0.007804
16.47606087 0.10509299 -22.19924927 255 110 0 0.008584
14.97437668 0.11061244 -23.25889587 255 92 0 0.009151
14.16981983 0.10134009 -21.39191246 255 119 0 0.008286
13.40388012 0.11561376 -24.21359253 255 77 0 0.009604
11.89662361 0.10850099 -22.75820732 255 98 0 0.008928
9.22533226 0.12570344 -26.11323357 255 50 0 0.010438
5.26228666 0.12138227 -25.14951897 255 62 0 0.010109
4.39313364 0.12231868 -25.31325912 255 59 0 0.010199
3.51871634 0.12310033 -25.44605255 255 56 0 0.010276
2.04818010 0.13412988 -27.60349083 255 23 0 0.011261
-0.00948413 0.12466245 -25.66496277 255 50 0 0.010450
-0.89360994 0.12465941 -25.64128304 255 50 0 0.010459
-3.45375514 0.13390285 -27.41468811 255 23 0 0.011283
-3.53315711 0.12370501 -25.38238144 255 50 0 0.010406
-4.40503359 0.12307310 -25.23382187 255 53 0 0.010361
-5.26489687 0.13257031 -27.10213280 255 26 0 0.011188
-6.16140985 0.13167086 -26.89966774 255 29 0 0.011120
-7.05048704 0.13061728 -26.66670990 255 32 0 0.011044
-9.66279316 0.12654498 -25.78779793 255 41 0 0.010717
-8.65540504 0.11760053 -24.03338242 255 65 0 0.009954
-9.47617817 0.11605306 -23.70388412 255 68 0 0.009836
-11.34843636 0.12308676 -25.05531883 255 50 0 0.010438
-11.08006954 0.11251963 -22.95857048 255 77 0 0.009566
-12.17152119 0.12114041 -24.64635086 255 56 0 0.010280
-12.62705040 0.10841671 -22.10136414 255 89 0 0.009252
-13.37674999 0.10615802 -21.63212585 255 95 0 0.009080
-13.77342033 0.11682462 -23.74533272 255 65 0 0.009926
-14.82384968 0.10124044 -20.61534119 255 107 0 0.008706
-15.31009579 0.11196174 -22.73710060 255 80 0 0.009524
-16.77438354 0.10657445 -21.62635422 255 92 0 0.009112
-17.47723579 0.10369190 -21.03413773 255 101 0 0.008861
-16.19517517 0.09581018 -19.49846840 255 119 0 0.008297
-16.85024834 0.09291125 -18.90423775 255 125 0 0.008080
-18.09508705 0.08676403 -17.64793015 255 140 0 0.007627
-19.45886040 0.09432940 -19.11848640 255 128 0 0.008051
-20.66653061 0.08752873 -17.73305511 255 146 0 0.007479
-19.78753281 0.07672898 -15.60593128 255 164 0 0.006849
-22.29384995 0.07656848 -15.50856495 255 170 0 0.006683
-20.79099846 0.06954527 -14.14957333 255 188 0 0.006129
-21.25333786 0.06581870 -13.39560413 255 200 0 0.005763
-21.68862534 0.06200857 -12.62570381 255 212 0 0.005397
-22.47589302 0.05415685 -11.04199886 255 236 0 0.004659
-24.47424507 0.05656590 -11.46944714 255 221 0 0.005076
-24.82583618 0.05234661 -10.62027359 255 236 0 0.004665
-25.14822769 0.04806569 -9.75959301 255 248 0 0.004231
-25.44104767 0.04372812 -8.88840580 246 255 0 0.003760
-23.70405197 0.03766800 -7.72726202 228 255 0 0.003219
-23.93661880 0.03341233 -6.87395525 216 255 0 0.002855
-24.13875389 0.02911392 -6.01293087 204 255 0 0.002487
-26.13883209 0.03042643 -6.22202921 225 255 0 0.003174
-24.31020737 0.02477819 -5.14527655 192 255 0 0.002116
-24.45075417 0.02041058 -4.27208328 180 255 0 0.001741
-26.31029892 0.02591343 -5.31908512 225 255 0 0.003122
-26.56028175 0.01680030 -3.49827361 222 255 0 0.003056
-24.63847542 0.01160179 -2.51348901 157 255 0 0.000985
-26.63850784 0.01221078 -2.58252931 219 255 0 0.002995
-24.68541145 0.00717172 -1.63030362 145 255 0 0.000604
-26.68542290 0.00760643 -1.66464794 216 255 0 0.002900
